/home/data/782/CGplate20211231_V5_train_1037.jpg 869,23,1259,461,0 938,387,1018,427,1
/home/data/782/CGplate20211224_V1_train_2.jpg 1484,775,2108,1567,0 1093,216,1215,404,0 1733,1483,1858,1529,1
/home/data/782/CGplate20211224_V1_train_15420.jpg 1037,539,1666,1244,0 1264,1108,1418,1157,1
/home/data/782/CGplate20211231_V4_train_664.jpg 815,3,1161,359,0 922,301,1009,335,1
/home/data/782/CGplate20211224_V1_train_592.jpg 638,33,1316,984,0 882,904,1031,951,1
/home/data/782/CGplate20211224_V1_train_787.jpg 171,93,603,569,0 353,529,417,550,1
/home/data/782/CGplate20211224_V1_train_764.jpg 337,19,1001,771,0 636,707,736,740,1
/home/data/782/CGplate20211231_V4_train_663.jpg 887,63,1591,585,0 939,446,1022,510,1
/home/data/782/CGplate20211224_V1_train_15475.jpg 513,206,1042,738,0 680,619,806,666,1
/home/data/782/CGplate20211224_V1_train_15360.jpg 869,434,1340,877,0 1061,816,1175,844,1
/home/data/782/CGplate20211231_V3_train_2105.jpg 856,317,1385,738,0 972,603,1077,640,1
/home/data/782/CGplate20211231_V3_train_695.jpg 326,7,1248,737,0 891,643,994,696,1
/home/data/782/CGplate20211231_V4_train_658.jpg 1506,195,1917,560,0 778,268,1478,796,0 267,1,603,136,0 307,58,341,73,1 1311,598,1393,657,1 1585,388,1657,434,1
/home/data/782/CGplate20211224_V1_train_864.jpg 396,221,795,750,0 568,681,636,701,1
/home/data/782/CGplate20211231_V4_train_668.jpg 701,60,1136,608,0 879,544,985,577,1
/home/data/782/CGplate20211231_V3_train_2099.jpg 713,441,1357,1052,0 520,3,813,178,0 1110,889,1232,944,1 661,51,723,73,1
/home/data/782/CGplate20211224_V1_train_834.jpg 102,304,749,972,0 375,938,476,970,1
/home/data/782/CGplate20211231_V3_train_685.jpg 557,341,1130,969,0 894,900,1009,947,1
/home/data/782/CGplate20211231_V4_train_680.jpg 660,7,1729,1072,0 959,980,1109,1060,1
/home/data/782/CGplate20211224_V1_train_800.jpg 255,135,742,681,0 460,628,536,653,1
/home/data/782/CGplate20211231_V3_train_686.jpg 1116,439,1877,1055,0 1647,861,1756,923,1
/home/data/782/CGplate20211224_V1_train_325.jpg 352,4,1151,814,0 602,719,720,758,1
/home/data/782/CGplate20211231_V3_train_698.jpg 850,73,1219,480,0 944,414,1033,449,1
/home/data/782/CGplate20211224_V1_train_15481.jpg 1438,339,1964,810,0 451,44,909,463,0 1658,726,1783,771,1 600,405,705,443,1
/home/data/782/CGplate20211231_V5_train_1069.jpg 777,541,1388,1072,0 899,887,1014,945,1
/home/data/782/CGplate20211231_V3_train_2107.jpg 602,323,1253,874,0 735,705,848,764,1
/home/data/782/CGplate20211231_V3_train_2116.jpg 404,4,941,379,0 648,333,732,365,1
/home/data/782/CGplate20211231_V3_train_2101.jpg 733,209,1232,707,0 1043,634,1135,679,1
/home/data/782/CGplate20211224_V1_train_778.jpg 568,302,1418,1083,0 944,962,1074,1009,1
/home/data/782/CGplate20211231_V3_train_703.jpg 479,198,993,805,0 755,725,866,774,1
/home/data/782/CGplate20211224_V1_train_15314.jpg 1163,390,1899,1016,0 1483,845,1655,889,1
/home/data/782/CGplate20211231_V5_train_1063.jpg 980,109,1343,535,0 22,356,563,939,0 1086,382,1173,419,1 163,744,287,787,1
/home/data/782/CGplate20211224_V1_train_15451.jpg 1476,391,2175,1072,0 1789,933,1960,996,1
/home/data/782/CGplate20211231_V3_train_705.jpg 527,313,1296,937,0 660,699,778,758,1
/home/data/782/CGplate20211231_V3_train_2115.jpg 980,141,1473,608,0 1107,443,1202,487,1
/home/data/782/CGplate20211231_V5_train_952.jpg 1041,468,1700,1011,0 1495,841,1596,894,1
/home/data/782/CGplate20211231_V3_train_2108.jpg 674,4,1853,463,0 824,289,993,384,1
/home/data/782/CGplate20211231_V3_train_2113.jpg 631,150,1349,1028,0 1086,951,1202,1003,1
/home/data/782/CGplate20211231_V5_train_1106.jpg 592,252,1161,745,0 688,662,788,715,1
/home/data/782/CGplate20211224_V1_train_15457.jpg 721,482,1569,1243,0 999,1082,1201,1157,1
/home/data/782/CGplate20211231_V5_train_1112.jpg 642,429,1288,955,0 772,779,889,844,1
/home/data/782/CGplate20211231_V3_train_684.jpg 595,341,1172,975,0 939,897,1054,945,1
/home/data/782/CGplate20211231_V4_train_682.jpg 522,128,1038,688,0 859,569,950,617,1
/home/data/782/CGplate20211224_V1_train_819.jpg 169,136,613,719,0 359,663,434,690,1
/home/data/782/CGplate20211231_V5_train_1075.jpg 751,34,1267,545,0 1011,403,1125,446,1
/home/data/782/CGplate20211231_V5_train_1050.jpg 890,153,1527,803,0 1246,610,1376,663,1
/home/data/782/CGplate20211231_V5_train_1126.jpg 449,2,1468,911,0 721,533,944,625,1
/home/data/782/CGplate20211224_V1_train_13736.jpg 3,2,665,914,0 296,744,412,794,1
/home/data/782/CGplate20211224_V1_train_748.jpg 601,18,1585,1052,0 1036,910,1184,956,1
/home/data/782/CGplate20211224_V1_train_855.jpg 451,217,860,735,0 624,658,692,679,1
/home/data/782/CGplate20211231_V5_train_985.jpg 787,178,1312,542,0 1141,467,1225,509,1
/home/data/782/CGplate20211224_V1_train_15432.jpg 1812,418,2553,1236,0 2099,1028,2282,1093,1
/home/data/782/CGplate20211231_V5_train_1093.jpg 778,272,1396,697,0 1264,608,1338,655,1
/home/data/782/CGplate20211231_V4_train_667.jpg 269,3,603,136,0 388,347,867,798,0 307,58,343,73,1 498,667,596,701,1
/home/data/782/CGplate20211231_V5_train_979.jpg 660,44,1555,636,0 1268,554,1361,593,1
/home/data/782/CGplate20211224_V1_train_677.jpg 1322,968,1718,1370,0 1038,166,1274,414,0 825,117,1073,416,0 1466,1325,1557,1353,1 905,365,934,375,1 1123,375,1152,385,1
/home/data/782/CGplate20211231_V3_train_704.jpg 498,126,1021,538,0 608,379,694,414,1
/home/data/782/CGplate20211224_V1_train_740.jpg 388,44,897,731,0 608,677,692,705,1
/home/data/782/CGplate20211231_V5_train_1081.jpg 464,6,1023,461,0 749,388,840,421,1
/home/data/782/CGplate20211231_V5_train_958.jpg 1001,362,1749,901,0 1548,733,1645,788,1
