/home/data/1043/ZDSmask20220524_V2_train_scenic_area_1_001767.jpg 1450,368,1551,504,5 1348,462,1475,643,1 1462,453,1516,503,13
/home/data/1043/ZDSmask20220524_V2_train_hospital_1_000069.jpg 1159,177,1183,194,12 1153,147,1185,195,3
/home/data/1043/ZDSmask20220524_V2_train_kitchen_2_000176.jpg 718,729,771,772,11 1658,888,1761,1025,1 1125,273,1179,354,1 663,655,773,773,2
/home/data/1043/ZDSmask20220524_V2_train_street_8_000087.jpg 1639,1617,1722,1728,0 2744,1691,2831,1798,0 1659,1679,1714,1725,10 2746,1749,2806,1797,10 764,1598,858,1716,9
/home/data/1043/ZDSmask20220524_V2_train_street_3_000270.jpg 2258,1226,2317,1251,12 1830,395,1955,556,3 1855,518,1941,554,12 2241,1067,2409,1253,3
/home/data/1043/ZDSmask20220524_V2_train_kitchen_2_000163.jpg 900,86,970,163,9
/home/data/1043/ZDSmask20220524_V2_train_town_square_3_000295.jpg 2603,1081,2680,1124,10 996,1079,1122,1226,9 3006,792,3056,831,12 3003,720,3114,835,3 2600,979,2707,1129,0
/home/data/1043/ZDSmask20220524_V2_train_scenic_area_1_003754.jpg 423,519,493,647,1
/home/data/1043/ZDSmask20220524_V2_train_scenic_area_1_001493.jpg 1875,378,1978,497,1
/home/data/1043/ZDSmask20220524_V2_train_town_square_3_000457.jpg 2215,870,2274,910,11 2182,797,2279,911,2 2063,1094,2171,1257,0 2082,1200,2162,1257,10 3131,976,3258,1117,2 3133,1070,3202,1115,11
/home/data/1043/ZDSmask20220524_V2_train_street_1_002017.jpg 1239,593,1269,622,13 1206,550,1271,624,5
/home/data/1043/ZDSmask20220524_V2_train_kitchen_2_003180.jpg 856,186,964,302,5 866,273,917,301,13
/home/data/1043/ZDSmask20220524_V2_train_street_3_000697.jpg 1913,473,1963,558,9 1751,257,1838,373,9 2221,969,2351,1088,5 2223,1028,2271,1087,13
/home/data/1043/ZDSmask20220524_V2_train_kitchen_2_004229.jpg 492,619,586,729,1
/home/data/1043/ZDSmask20220524_V2_train_street_1_000893.jpg 969,483,1022,547,0 983,517,1020,546,10
/home/data/1043/ZDSmask20220524_V2_train_kitchen_1_000742.jpg 1075,211,1140,293,9 1598,465,1750,634,1
/home/data/1043/ZDSmask20220524_V2_train_scenic_area_1_002698.jpg 422,659,551,813,3 470,776,537,810,12 884,829,1012,967,9
/home/data/1043/ZDSmask20220524_V2_train_kitchen_2_002855.jpg
/home/data/1043/ZDSmask20220524_V2_train_kitchen_1_000015.jpg 1304,353,1535,648,1
/home/data/1043/ZDSmask20220524_V2_train_office_1_000453.jpg 464,585,528,637,10 453,493,556,639,0
/home/data/1043/ZDSmask20220524_V2_train_kitchen_2_004025.jpg
/home/data/1043/ZDSmask20220524_V2_train_street_1_002359.jpg 961,189,1052,299,9
/home/data/1043/ZDSmask20220524_V2_train_kitchen_2_005705.jpg 980,325,1042,413,1
/home/data/1043/ZDSmask20220524_V2_train_hospital_1_000617.jpg 985,596,1095,717,8 800,292,882,412,0 815,368,872,409,10
/home/data/1043/ZDSmask20220524_V2_train_street_1_001168.jpg 1012,459,1118,557,5 1013,507,1046,555,13
/home/data/1043/ZDSmask20220524_V2_train_street_3_000709.jpg 1175,106,1250,210,1 1876,549,2001,680,9
/home/data/1043/ZDSmask20220524_V2_train_kitchen_2_003490.jpg 831,2,926,85,7 884,57,917,81,15 2338,766,2516,1013,8
/home/data/1043/ZDSmask20220524_V2_train_factory_in_1_000319.jpg 1271,876,1332,964,3 1278,945,1323,963,12
/home/data/1043/ZDSmask20220524_V2_train_town_square_1_000236.jpg 1480,385,1592,532,5 1528,491,1579,527,13 2461,559,2574,691,6 2469,647,2497,679,14
/home/data/1043/ZDSmask20220524_V2_train_office_1_000055.jpg 757,917,868,1001,10 742,762,912,1003,0
/home/data/1043/ZDSmask20220524_V2_train_hospital_1_000492.jpg 631,239,702,341,0 654,305,701,340,10 1157,262,1171,290,13 1155,223,1201,290,5
/home/data/1043/ZDSmask20220524_V2_train_hospital_1_000029.jpg 375,126,417,190,0 732,277,758,306,13 692,240,760,307,5 384,168,416,189,10
/home/data/1043/ZDSmask20220524_V2_train_scenic_area_1_004017.jpg 1002,1135,1191,1400,1 722,216,732,241,13 721,182,804,243,5
/home/data/1043/ZDSmask20220524_V2_train_kitchen_2_002991.jpg 224,452,310,534,8 473,523,563,642,2 497,597,561,641,11 703,957,822,1074,5 706,974,729,1022,13 852,567,931,655,0 935,240,956,253,13 376,933,473,1056,4 0,406,25,479,4 89,177,122,215,5 104,201,118,214,13 630,182,681,233,9 691,147,734,196,0 693,176,721,195,10 924,196,972,255,5 861,630,903,654,10
/home/data/1043/ZDSmask20220524_V2_train_scenic_area_1_002961.jpg 1311,167,1341,186,10 1309,135,1350,187,0 1333,612,1425,687,10 1292,489,1437,694,0 1331,134,1360,153,10 1330,109,1372,155,0
/home/data/1043/ZDSmask20220524_V2_train_scenic_area_1_003927.jpg 1337,212,1393,272,5 1370,117,1414,169,3 1364,250,1389,271,13 1392,380,1504,528,1 1286,462,1410,603,5 1143,554,1292,717,9 1331,572,1381,601,13 1371,151,1399,168,12
/home/data/1043/ZDSmask20220524_V2_train_street_8_000349.jpg 1424,1300,1504,1391,5 2556,1493,2627,1594,2 1512,1526,1564,1550,12 1491,1451,1569,1551,3 1447,1371,1480,1391,13 2573,1562,2626,1592,11
/home/data/1043/ZDSmask20220524_V2_train_street_8_000243.jpg 2214,1693,2280,1732,11 1242,1639,1350,1755,3 1259,1736,1295,1754,12 1721,1376,1757,1401,13 1698,1307,1782,1403,5 2194,1619,2290,1734,2
/home/data/1043/ZDSmask20220524_V2_train_street_9_000684.jpg 2906,1489,2958,1559,1 1787,1865,1883,1994,0 2733,1152,2753,1164,10 2010,1700,2077,1764,9 2530,1113,2557,1151,0 2533,1133,2552,1148,10 2730,1130,2758,1166,0 1802,1941,1869,1989,10
/home/data/1043/ZDSmask20220524_V2_train_restaurant_1_000059.jpg 541,1,581,24,10 305,144,385,228,9 539,0,587,25,0 582,9,653,96,8
/home/data/1043/ZDSmask20220524_V2_train_kitchen_2_005387.jpg 724,98,806,190,0 270,128,349,214,9 739,159,787,188,10
/home/data/1043/ZDSmask20220524_V2_train_street_1_002697.jpg 771,537,816,598,13 724,435,888,599,5
/home/data/1043/ZDSmask20220524_V2_train_scenic_area_1_003501.jpg
/home/data/1043/ZDSmask20220524_V2_train_factory_in_1_000280.jpg 819,668,865,720,5 939,627,991,686,7 943,671,963,685,15 820,699,838,720,13
/home/data/1043/ZDSmask20220524_V2_train_scenic_area_1_002206.jpg 1608,859,1741,946,10 1570,682,1760,947,0 1037,609,1186,756,9 1045,370,1165,542,3 1047,504,1141,541,12
/home/data/1043/ZDSmask20220524_V2_train_restaurant_1_000071.jpg 1604,0,1652,26,8
/home/data/1043/ZDSmask20220524_V2_train_street_1_002580.jpg 1078,379,1172,478,5 1079,433,1115,476,13
/home/data/1043/ZDSmask20220524_V2_train_kitchen_1_000319.jpg 789,117,979,388,1
/home/data/1043/ZDSmask20220524_V2_train_scenic_area_1_003029.jpg 1813,335,1883,423,1
/home/data/1043/ZDSmask20220524_V2_train_street_11_000141.jpg 2702,143,2813,274,3 2372,575,2501,727,5 2376,697,2436,722,13 2707,252,2749,273,12 1615,310,1711,435,7 1633,405,1662,432,15
/home/data/1043/ZDSmask20220524_V2_train_hospital_1_000408.jpg 310,256,371,310,0 251,211,303,278,0 338,283,359,306,10 648,201,724,286,5 272,247,302,273,10 649,254,678,286,13
/home/data/1043/ZDSmask20220524_V2_train_street_9_000224.jpg 2541,1482,2607,1571,7 2093,1500,2131,1530,10 2923,1487,2974,1551,1 2695,1695,2781,1794,4 2077,1469,2134,1533,0 2571,1554,2587,1569,15
/home/data/1043/ZDSmask20220524_V2_train_kitchen_2_001016.jpg 1784,327,1826,388,9 1247,455,1334,552,8
/home/data/1043/ZDSmask20220524_V2_train_street_3_000724.jpg 1826,164,1870,195,10 1778,457,1881,614,1 1805,92,1891,196,0
/home/data/1043/ZDSmask20220524_V2_train_kitchen_2_000806.jpg 555,51,622,127,15 587,111,605,125,7
/home/data/1043/ZDSmask20220524_V2_train_street_1_001237.jpg 1117,536,1201,623,5 1174,586,1200,622,13
/home/data/1043/ZDSmask20220524_V2_train_scenic_area_1_001039.jpg 577,805,734,1009,1
/home/data/1043/ZDSmask20220524_V2_train_street_5_000066.jpg 1244,358,1392,542,8 1723,196,1831,350,9
/home/data/1043/ZDSmask20220524_V2_train_street_1_002743.jpg 999,383,1105,494,8
/home/data/1043/ZDSmask20220524_V2_train_scenic_area_1_000089.jpg 1180,206,1245,293,0 1354,67,1387,105,1 1285,348,1393,495,0 1059,374,1086,404,13 1042,408,1176,575,5 1064,526,1142,573,13 1319,810,1548,1077,7 1395,1047,1452,1077,15 1224,839,1319,914,10 1180,701,1324,916,0 1297,436,1381,494,10 965,265,1023,318,10 1055,303,1135,406,5 1187,266,1233,292,10 964,212,1042,321,0 1359,153,1379,170,13 1354,111,1401,172,5
